0 128 828 50 58 
1 128 828 50 58 
2 124 865 51 56 
3 118 856 53 54 
4 123 829 51 58 
5 116 813 52 49 
6 118 784 50 54 
7 128 759 47 69 
8 126 750 47 60 
9 129 740 43 60 
10 128 716 43 63 
11 119 708 47 54 
12 118 707 48 50 
13 118 705 48 48 
14 117 706 44 47 
15 117 707 45 48 
16 114 707 44 54 
17 106 711 56 60 
18 103 726 51 61 
19 103 751 52 57 
20 102 780 49 54 
21 98 812 53 57 
22 93 849 56 55 
23 88 883 56 58 
24 87 865 62 66 
25 88 847 57 56 
26 91 819 55 55 
27 95 791 50 58 
28 94 780 53 51 
29 98 760 50 57 
30 101 747 47 55 
31 101 719 42 65 
32 98 710 57 58 
33 102 705 54 62 
34 101 705 58 62 
35 100 710 60 63 
36 103 724 54 60 
37 101 746 54 57 
38 102 772 50 58 
39 94 796 50 61 
40 92 825 57 70 
41 84 867 66 62 
42 85 901 56 59 
43 87 873 59 63 
44 91 848 55 62 
45 94 822 55 60 
46 97 800 53 59 
47 99 781 53 59 
48 99 762 54 56 
49 100 748 54 57 
50 98 736 57 61 
51 99 719 59 60 
52 101 712 59 56 
53 102 703 58 61 
54 103 700 60 64 
55 105 701 60 63 
56 108 707 58 63 
57 111 719 55 68 
58 114 748 51 59 
59 305 664 39 56 110 772 52 65 
60 111 791 60 76 
61 112 830 60 70 
62 110 867 61 69 
63 104 914 72 68 
64 108 887 71 65 
65 111 856 64 62 
66 111 826 64 68 
67 115 812 70 60 
68 120 788 64 62 
69 121 770 59 70 
70 125 755 58 60 
71 125 745 55 60 
72 127 723 60 66 
73 128 719 63 63 
74 127 714 63 62 
75 128 714 62 63 
76 128 716 62 63 
77 129 722 60 68 
78 128 744 66 59 
79 135 768 57 64 
80 137 794 56 64 
81 131 825 66 62 
82 134 858 64 67 
83 133 897 64 64 
84 126 916 68 65 
85 135 884 62 65 
86 137 855 66 62 
87 137 834 62 59 
88 135 812 65 54 
89 136 789 68 61 
90 136 774 61 60 
91 140 754 66 63 
92 141 739 64 63 
93 143 731 59 65 
94 143 722 64 65 
95 144 720 64 66 
96 146 727 62 61 
97 149 735 62 64 
98 152 746 59 67 
99 155 784 68 50 
100 156 810 69 59 
101 162 847 62 58 
102 161 879 64 63 
103 166 920 61 58 
104 166 895 64 59 
105 173 867 62 55 
106 172 841 60 67 
107 173 814 59 62 
108 176 781 57 72 
109 176 770 52 68 
110 176 756 57 63 
111 180 742 54 58 
112 183 737 54 60 
113 188 725 48 63 
114 189 721 53 60 
115 204 722 41 58 
116 673 661 37 72 203 721 43 60 
117 202 722 43 63 
118 203 720 41 70 
119 205 722 41 68 
120 209 720 46 64 
121 213 716 54 56 
122 712 667 32 60 221 702 51 59 
123 227 690 48 58 
124 235 677 54 56 
125 232 668 57 53 
126 242 646 46 63 
